id: {(x, y): n_edges}

Percentage of egdes 0% 
2: [[(2, 6), (6, 3)], [(2, 6), (6, 3)]]

3: [[(2, 8), (1, 8), (7, 5)], [(2, 8), (1, 8), (7, 5)], [(2, 8), (1, 8), (7, 5)]]

4: [[(6, 8), (5, 9), (3, 9), (9, 3)], [(6, 8), (5, 9), (3, 9), (9, 3)], [(6, 8), (5, 9), (3, 9), (9, 3)], [(6, 8), (5, 9), (3, 9), (9, 3)]]

5: [[(5, 4), (4, 6), (3, 9), (5, 1), (4, 3)], [(5, 4), (4, 6), (3, 9), (5, 1), (4, 3)], [(5, 4), (4, 6), (3, 9), (5, 1), (4, 3)], [(5, 4), (4, 6), (3, 9), (5, 1), (4, 3)], [(5, 4), (4, 6), (3, 9), (5, 1), (4, 3)]]

6: [[(2, 5), (5, 8), (1, 2), (7, 4), (8, 4), (1, 8)], [(2, 5), (5, 8), (1, 2), (7, 4), (8, 4), (1, 8)], [(2, 5), (5, 8), (1, 2), (7, 4), (8, 4), (1, 8)], [(2, 5), (5, 8), (1, 2), (7, 4), (8, 4), (1, 8)], [(2, 5), (5, 8), (1, 2), (7, 4), (8, 4), (1, 8)], [(2, 5), (5, 8), (1, 2), (7, 4), (8, 4), (1, 8)]]

7: [[(5, 7), (8, 2), (2, 3), (7, 8), (6, 5), (5, 3), (1, 7)], [(5, 7), (8, 2), (2, 3), (7, 8), (6, 5), (5, 3), (1, 7)], [(5, 7), (8, 2), (2, 3), (7, 8), (6, 5), (5, 3), (1, 7)], [(5, 7), (8, 2), (2, 3), (7, 8), (6, 5), (5, 3), (1, 7)], [(5, 7), (8, 2), (2, 3), (7, 8), (6, 5), (5, 3), (1, 7)], [(5, 7), (8, 2), (2, 3), (7, 8), (6, 5), (5, 3), (1, 7)], [(5, 7), (8, 2), (2, 3), (7, 8), (6, 5), (5, 3), (1, 7)]]

8: [[(3, 7), (6, 4), (5, 9), (6, 1), (8, 5), (8, 2), (4, 6), (2, 8)], [(3, 7), (6, 4), (5, 9), (6, 1), (8, 5), (8, 2), (4, 6), (2, 8)], [(3, 7), (6, 4), (5, 9), (6, 1), (8, 5), (8, 2), (4, 6), (2, 8)], [(3, 7), (6, 4), (5, 9), (6, 1), (8, 5), (8, 2), (4, 6), (2, 8)], [(3, 7), (6, 4), (5, 9), (6, 1), (8, 5), (8, 2), (4, 6), (2, 8)], [(3, 7), (6, 4), (5, 9), (6, 1), (8, 5), (8, 2), (4, 6), (2, 8)], [(3, 7), (6, 4), (5, 9), (6, 1), (8, 5), (8, 2), (4, 6), (2, 8)], [(3, 7), (6, 4), (5, 9), (6, 1), (8, 5), (8, 2), (4, 6), (2, 8)]]

9: [[(1, 2), (8, 2), (2, 5), (8, 3), (6, 7), (9, 7), (4, 6), (2, 1), (2, 1)], [(1, 2), (8, 2), (2, 5), (8, 3), (6, 7), (9, 7), (4, 6), (2, 1), (2, 1)], [(1, 2), (8, 2), (2, 5), (8, 3), (6, 7), (9, 7), (4, 6), (2, 1), (2, 1)], [(1, 2), (8, 2), (2, 5), (8, 3), (6, 7), (9, 7), (4, 6), (2, 1), (2, 1)], [(1, 2), (8, 2), (2, 5), (8, 3), (6, 7), (9, 7), (4, 6), (2, 1), (2, 1)], [(1, 2), (8, 2), (2, 5), (8, 3), (6, 7), (9, 7), (4, 6), (2, 1), (2, 1)], [(1, 2), (8, 2), (2, 5), (8, 3), (6, 7), (9, 7), (4, 6), (2, 1), (2, 1)], [(1, 2), (8, 2), (2, 5), (8, 3), (6, 7), (9, 7), (4, 6), (2, 1), (2, 1)], [(1, 2), (8, 2), (2, 5), (8, 3), (6, 7), (9, 7), (4, 6), (2, 1), (2, 1)]]

10: [[(6, 9), (5, 6), (4, 1), (7, 1), (1, 3), (1, 8), (4, 6), (3, 2), (8, 4), (3, 2)], [(6, 9), (5, 6), (4, 1), (7, 1), (1, 3), (1, 8), (4, 6), (3, 2), (8, 4), (3, 2)], [(6, 9), (5, 6), (4, 1), (7, 1), (1, 3), (1, 8), (4, 6), (3, 2), (8, 4), (3, 2)], [(6, 9), (5, 6), (4, 1), (7, 1), (1, 3), (1, 8), (4, 6), (3, 2), (8, 4), (3, 2)], [(6, 9), (5, 6), (4, 1), (7, 1), (1, 3), (1, 8), (4, 6), (3, 2), (8, 4), (3, 2)], [(6, 9), (5, 6), (4, 1), (7, 1), (1, 3), (1, 8), (4, 6), (3, 2), (8, 4), (3, 2)], [(6, 9), (5, 6), (4, 1), (7, 1), (1, 3), (1, 8), (4, 6), (3, 2), (8, 4), (3, 2)], [(6, 9), (5, 6), (4, 1), (7, 1), (1, 3), (1, 8), (4, 6), (3, 2), (8, 4), (3, 2)], [(6, 9), (5, 6), (4, 1), (7, 1), (1, 3), (1, 8), (4, 6), (3, 2), (8, 4), (3, 2)], [(6, 9), (5, 6), (4, 1), (7, 1), (1, 3), (1, 8), (4, 6), (3, 2), (8, 4), (3, 2)]]


Percentage of egdes 25% 
2: [[(2, 6), (6, 3)], [(2, 6), (6, 3)]]

3: [[(2, 8), (1, 8), (7, 5)], [(2, 8), (1, 8), (7, 5)], [(2, 8), (1, 8), (7, 5)]]

4: [[(6, 8), (5, 9), (3, 9), (9, 3)], [(6, 8), (5, 9), (3, 9), (9, 3)], [(6, 8), (5, 9), (3, 9), (9, 3)], [(6, 8), (5, 9), (3, 9), (9, 3)]]

5: [[(5, 4), (4, 6), (3, 9), (5, 1), (4, 3)], [(5, 4), (4, 6), (3, 9), (5, 1), (4, 3)], [(5, 4), (4, 6), (3, 9), (5, 1), (4, 3)], [(5, 4), (4, 6), (3, 9), (5, 1), (4, 3)], [(5, 4), (4, 6), (3, 9), (5, 1), (4, 3)]]

6: [[(2, 5), (5, 8), (1, 2), (7, 4), (8, 4), (1, 8)], [(2, 5), (5, 8), (1, 2), (7, 4), (8, 4), (1, 8)], [(2, 5), (5, 8), (1, 2), (7, 4), (8, 4), (1, 8)], [(2, 5), (5, 8), (1, 2), (7, 4), (8, 4), (1, 8)], [(2, 5), (5, 8), (1, 2), (7, 4), (8, 4), (1, 8)], [(2, 5), (5, 8), (1, 2), (7, 4), (8, 4), (1, 8)]]

7: [[(5, 7), (8, 2), (2, 3), (7, 8), (6, 5), (5, 3), (1, 7)], [(5, 7), (8, 2), (2, 3), (7, 8), (6, 5), (5, 3), (1, 7)], [(5, 7), (8, 2), (2, 3), (7, 8), (6, 5), (5, 3), (1, 7)], [(5, 7), (8, 2), (2, 3), (7, 8), (6, 5), (5, 3), (1, 7)], [(5, 7), (8, 2), (2, 3), (7, 8), (6, 5), (5, 3), (1, 7)], [(5, 7), (8, 2), (2, 3), (7, 8), (6, 5), (5, 3), (1, 7)], [(5, 7), (8, 2), (2, 3), (7, 8), (6, 5), (5, 3), (1, 7)]]

8: [[(3, 7), (6, 4), (5, 9), (6, 1), (8, 5), (8, 2), (4, 6), (2, 8)], [(3, 7), (6, 4), (5, 9), (6, 1), (8, 5), (8, 2), (4, 6), (2, 8)], [(3, 7), (6, 4), (5, 9), (6, 1), (8, 5), (8, 2), (4, 6), (2, 8)], [(3, 7), (6, 4), (5, 9), (6, 1), (8, 5), (8, 2), (4, 6), (2, 8)], [(3, 7), (6, 4), (5, 9), (6, 1), (8, 5), (8, 2), (4, 6), (2, 8)], [(3, 7), (6, 4), (5, 9), (6, 1), (8, 5), (8, 2), (4, 6), (2, 8)], [(3, 7), (6, 4), (5, 9), (6, 1), (8, 5), (8, 2), (4, 6), (2, 8)], [(3, 7), (6, 4), (5, 9), (6, 1), (8, 5), (8, 2), (4, 6), (2, 8)]]

9: [[(1, 2), (8, 2), (2, 5), (8, 3), (6, 7), (9, 7), (4, 6), (2, 1), (2, 1)], [(1, 2), (8, 2), (2, 5), (8, 3), (6, 7), (9, 7), (4, 6), (2, 1), (2, 1)], [(1, 2), (8, 2), (2, 5), (8, 3), (6, 7), (9, 7), (4, 6), (2, 1), (2, 1)], [(1, 2), (8, 2), (2, 5), (8, 3), (6, 7), (9, 7), (4, 6), (2, 1), (2, 1)], [(1, 2), (8, 2), (2, 5), (8, 3), (6, 7), (9, 7), (4, 6), (2, 1), (2, 1)], [(1, 2), (8, 2), (2, 5), (8, 3), (6, 7), (9, 7), (4, 6), (2, 1), (2, 1)], [(1, 2), (8, 2), (2, 5), (8, 3), (6, 7), (9, 7), (4, 6), (2, 1), (2, 1)], [(1, 2), (8, 2), (2, 5), (8, 3), (6, 7), (9, 7), (4, 6), (2, 1), (2, 1)], [(1, 2), (8, 2), (2, 5), (8, 3), (6, 7), (9, 7), (4, 6), (2, 1), (2, 1)]]

10: [[(6, 9), (5, 6), (4, 1), (7, 1), (1, 3), (1, 8), (4, 6), (3, 2), (8, 4), (3, 2)], [(6, 9), (5, 6), (4, 1), (7, 1), (1, 3), (1, 8), (4, 6), (3, 2), (8, 4), (3, 2)], [(6, 9), (5, 6), (4, 1), (7, 1), (1, 3), (1, 8), (4, 6), (3, 2), (8, 4), (3, 2)], [(6, 9), (5, 6), (4, 1), (7, 1), (1, 3), (1, 8), (4, 6), (3, 2), (8, 4), (3, 2)], [(6, 9), (5, 6), (4, 1), (7, 1), (1, 3), (1, 8), (4, 6), (3, 2), (8, 4), (3, 2)], [(6, 9), (5, 6), (4, 1), (7, 1), (1, 3), (1, 8), (4, 6), (3, 2), (8, 4), (3, 2)], [(6, 9), (5, 6), (4, 1), (7, 1), (1, 3), (1, 8), (4, 6), (3, 2), (8, 4), (3, 2)], [(6, 9), (5, 6), (4, 1), (7, 1), (1, 3), (1, 8), (4, 6), (3, 2), (8, 4), (3, 2)], [(6, 9), (5, 6), (4, 1), (7, 1), (1, 3), (1, 8), (4, 6), (3, 2), (8, 4), (3, 2)], [(6, 9), (5, 6), (4, 1), (7, 1), (1, 3), (1, 8), (4, 6), (3, 2), (8, 4), (3, 2)]]


Percentage of egdes 50% 
2: [[(2, 6), (6, 3)], [(2, 6), (6, 3)]]

3: [[(2, 8), (1, 8), (7, 5)], [(2, 8), (1, 8), (7, 5)], [(2, 8), (1, 8), (7, 5)]]

4: [[(6, 8), (5, 9), (3, 9), (9, 3)], [(6, 8), (5, 9), (3, 9), (9, 3)], [(6, 8), (5, 9), (3, 9), (9, 3)], [(6, 8), (5, 9), (3, 9), (9, 3)]]

5: [[(5, 4), (4, 6), (3, 9), (5, 1), (4, 3)], [(5, 4), (4, 6), (3, 9), (5, 1), (4, 3)], [(5, 4), (4, 6), (3, 9), (5, 1), (4, 3)], [(5, 4), (4, 6), (3, 9), (5, 1), (4, 3)], [(5, 4), (4, 6), (3, 9), (5, 1), (4, 3)]]

6: [[(2, 5), (5, 8), (1, 2), (7, 4), (8, 4), (1, 8)], [(2, 5), (5, 8), (1, 2), (7, 4), (8, 4), (1, 8)], [(2, 5), (5, 8), (1, 2), (7, 4), (8, 4), (1, 8)], [(2, 5), (5, 8), (1, 2), (7, 4), (8, 4), (1, 8)], [(2, 5), (5, 8), (1, 2), (7, 4), (8, 4), (1, 8)], [(2, 5), (5, 8), (1, 2), (7, 4), (8, 4), (1, 8)]]

7: [[(5, 7), (8, 2), (2, 3), (7, 8), (6, 5), (5, 3), (1, 7)], [(5, 7), (8, 2), (2, 3), (7, 8), (6, 5), (5, 3), (1, 7)], [(5, 7), (8, 2), (2, 3), (7, 8), (6, 5), (5, 3), (1, 7)], [(5, 7), (8, 2), (2, 3), (7, 8), (6, 5), (5, 3), (1, 7)], [(5, 7), (8, 2), (2, 3), (7, 8), (6, 5), (5, 3), (1, 7)], [(5, 7), (8, 2), (2, 3), (7, 8), (6, 5), (5, 3), (1, 7)], [(5, 7), (8, 2), (2, 3), (7, 8), (6, 5), (5, 3), (1, 7)]]

8: [[(3, 7), (6, 4), (5, 9), (6, 1), (8, 5), (8, 2), (4, 6), (2, 8)], [(3, 7), (6, 4), (5, 9), (6, 1), (8, 5), (8, 2), (4, 6), (2, 8)], [(3, 7), (6, 4), (5, 9), (6, 1), (8, 5), (8, 2), (4, 6), (2, 8)], [(3, 7), (6, 4), (5, 9), (6, 1), (8, 5), (8, 2), (4, 6), (2, 8)], [(3, 7), (6, 4), (5, 9), (6, 1), (8, 5), (8, 2), (4, 6), (2, 8)], [(3, 7), (6, 4), (5, 9), (6, 1), (8, 5), (8, 2), (4, 6), (2, 8)], [(3, 7), (6, 4), (5, 9), (6, 1), (8, 5), (8, 2), (4, 6), (2, 8)], [(3, 7), (6, 4), (5, 9), (6, 1), (8, 5), (8, 2), (4, 6), (2, 8)]]

9: [[(1, 2), (8, 2), (2, 5), (8, 3), (6, 7), (9, 7), (4, 6), (2, 1), (2, 1)], [(1, 2), (8, 2), (2, 5), (8, 3), (6, 7), (9, 7), (4, 6), (2, 1), (2, 1)], [(1, 2), (8, 2), (2, 5), (8, 3), (6, 7), (9, 7), (4, 6), (2, 1), (2, 1)], [(1, 2), (8, 2), (2, 5), (8, 3), (6, 7), (9, 7), (4, 6), (2, 1), (2, 1)], [(1, 2), (8, 2), (2, 5), (8, 3), (6, 7), (9, 7), (4, 6), (2, 1), (2, 1)], [(1, 2), (8, 2), (2, 5), (8, 3), (6, 7), (9, 7), (4, 6), (2, 1), (2, 1)], [(1, 2), (8, 2), (2, 5), (8, 3), (6, 7), (9, 7), (4, 6), (2, 1), (2, 1)], [(1, 2), (8, 2), (2, 5), (8, 3), (6, 7), (9, 7), (4, 6), (2, 1), (2, 1)], [(1, 2), (8, 2), (2, 5), (8, 3), (6, 7), (9, 7), (4, 6), (2, 1), (2, 1)]]

10: [[(6, 9), (5, 6), (4, 1), (7, 1), (1, 3), (1, 8), (4, 6), (3, 2), (8, 4), (3, 2)], [(6, 9), (5, 6), (4, 1), (7, 1), (1, 3), (1, 8), (4, 6), (3, 2), (8, 4), (3, 2)], [(6, 9), (5, 6), (4, 1), (7, 1), (1, 3), (1, 8), (4, 6), (3, 2), (8, 4), (3, 2)], [(6, 9), (5, 6), (4, 1), (7, 1), (1, 3), (1, 8), (4, 6), (3, 2), (8, 4), (3, 2)], [(6, 9), (5, 6), (4, 1), (7, 1), (1, 3), (1, 8), (4, 6), (3, 2), (8, 4), (3, 2)], [(6, 9), (5, 6), (4, 1), (7, 1), (1, 3), (1, 8), (4, 6), (3, 2), (8, 4), (3, 2)], [(6, 9), (5, 6), (4, 1), (7, 1), (1, 3), (1, 8), (4, 6), (3, 2), (8, 4), (3, 2)], [(6, 9), (5, 6), (4, 1), (7, 1), (1, 3), (1, 8), (4, 6), (3, 2), (8, 4), (3, 2)], [(6, 9), (5, 6), (4, 1), (7, 1), (1, 3), (1, 8), (4, 6), (3, 2), (8, 4), (3, 2)], [(6, 9), (5, 6), (4, 1), (7, 1), (1, 3), (1, 8), (4, 6), (3, 2), (8, 4), (3, 2)]]


Percentage of egdes 75% 
2: [[(2, 6), (6, 3)], [(2, 6), (6, 3)]]

3: [[(2, 8), (1, 8), (7, 5)], [(2, 8), (1, 8), (7, 5)], [(2, 8), (1, 8), (7, 5)]]

4: [[(6, 8), (5, 9), (3, 9), (9, 3)], [(6, 8), (5, 9), (3, 9), (9, 3)], [(6, 8), (5, 9), (3, 9), (9, 3)], [(6, 8), (5, 9), (3, 9), (9, 3)]]

5: [[(5, 4), (4, 6), (3, 9), (5, 1), (4, 3)], [(5, 4), (4, 6), (3, 9), (5, 1), (4, 3)], [(5, 4), (4, 6), (3, 9), (5, 1), (4, 3)], [(5, 4), (4, 6), (3, 9), (5, 1), (4, 3)], [(5, 4), (4, 6), (3, 9), (5, 1), (4, 3)]]

6: [[(2, 5), (5, 8), (1, 2), (7, 4), (8, 4), (1, 8)], [(2, 5), (5, 8), (1, 2), (7, 4), (8, 4), (1, 8)], [(2, 5), (5, 8), (1, 2), (7, 4), (8, 4), (1, 8)], [(2, 5), (5, 8), (1, 2), (7, 4), (8, 4), (1, 8)], [(2, 5), (5, 8), (1, 2), (7, 4), (8, 4), (1, 8)], [(2, 5), (5, 8), (1, 2), (7, 4), (8, 4), (1, 8)]]

7: [[(5, 7), (8, 2), (2, 3), (7, 8), (6, 5), (5, 3), (1, 7)], [(5, 7), (8, 2), (2, 3), (7, 8), (6, 5), (5, 3), (1, 7)], [(5, 7), (8, 2), (2, 3), (7, 8), (6, 5), (5, 3), (1, 7)], [(5, 7), (8, 2), (2, 3), (7, 8), (6, 5), (5, 3), (1, 7)], [(5, 7), (8, 2), (2, 3), (7, 8), (6, 5), (5, 3), (1, 7)], [(5, 7), (8, 2), (2, 3), (7, 8), (6, 5), (5, 3), (1, 7)], [(5, 7), (8, 2), (2, 3), (7, 8), (6, 5), (5, 3), (1, 7)]]

8: [[(3, 7), (6, 4), (5, 9), (6, 1), (8, 5), (8, 2), (4, 6), (2, 8)], [(3, 7), (6, 4), (5, 9), (6, 1), (8, 5), (8, 2), (4, 6), (2, 8)], [(3, 7), (6, 4), (5, 9), (6, 1), (8, 5), (8, 2), (4, 6), (2, 8)], [(3, 7), (6, 4), (5, 9), (6, 1), (8, 5), (8, 2), (4, 6), (2, 8)], [(3, 7), (6, 4), (5, 9), (6, 1), (8, 5), (8, 2), (4, 6), (2, 8)], [(3, 7), (6, 4), (5, 9), (6, 1), (8, 5), (8, 2), (4, 6), (2, 8)], [(3, 7), (6, 4), (5, 9), (6, 1), (8, 5), (8, 2), (4, 6), (2, 8)], [(3, 7), (6, 4), (5, 9), (6, 1), (8, 5), (8, 2), (4, 6), (2, 8)]]

9: [[(1, 2), (8, 2), (2, 5), (8, 3), (6, 7), (9, 7), (4, 6), (2, 1), (2, 1)], [(1, 2), (8, 2), (2, 5), (8, 3), (6, 7), (9, 7), (4, 6), (2, 1), (2, 1)], [(1, 2), (8, 2), (2, 5), (8, 3), (6, 7), (9, 7), (4, 6), (2, 1), (2, 1)], [(1, 2), (8, 2), (2, 5), (8, 3), (6, 7), (9, 7), (4, 6), (2, 1), (2, 1)], [(1, 2), (8, 2), (2, 5), (8, 3), (6, 7), (9, 7), (4, 6), (2, 1), (2, 1)], [(1, 2), (8, 2), (2, 5), (8, 3), (6, 7), (9, 7), (4, 6), (2, 1), (2, 1)], [(1, 2), (8, 2), (2, 5), (8, 3), (6, 7), (9, 7), (4, 6), (2, 1), (2, 1)], [(1, 2), (8, 2), (2, 5), (8, 3), (6, 7), (9, 7), (4, 6), (2, 1), (2, 1)], [(1, 2), (8, 2), (2, 5), (8, 3), (6, 7), (9, 7), (4, 6), (2, 1), (2, 1)]]

10: [[(6, 9), (5, 6), (4, 1), (7, 1), (1, 3), (1, 8), (4, 6), (3, 2), (8, 4), (3, 2)], [(6, 9), (5, 6), (4, 1), (7, 1), (1, 3), (1, 8), (4, 6), (3, 2), (8, 4), (3, 2)], [(6, 9), (5, 6), (4, 1), (7, 1), (1, 3), (1, 8), (4, 6), (3, 2), (8, 4), (3, 2)], [(6, 9), (5, 6), (4, 1), (7, 1), (1, 3), (1, 8), (4, 6), (3, 2), (8, 4), (3, 2)], [(6, 9), (5, 6), (4, 1), (7, 1), (1, 3), (1, 8), (4, 6), (3, 2), (8, 4), (3, 2)], [(6, 9), (5, 6), (4, 1), (7, 1), (1, 3), (1, 8), (4, 6), (3, 2), (8, 4), (3, 2)], [(6, 9), (5, 6), (4, 1), (7, 1), (1, 3), (1, 8), (4, 6), (3, 2), (8, 4), (3, 2)], [(6, 9), (5, 6), (4, 1), (7, 1), (1, 3), (1, 8), (4, 6), (3, 2), (8, 4), (3, 2)], [(6, 9), (5, 6), (4, 1), (7, 1), (1, 3), (1, 8), (4, 6), (3, 2), (8, 4), (3, 2)], [(6, 9), (5, 6), (4, 1), (7, 1), (1, 3), (1, 8), (4, 6), (3, 2), (8, 4), (3, 2)]]


Percentage of egdes 100% 
2: [[(2, 6), (6, 3)], [(2, 6), (6, 3)]]

3: [[(2, 8), (1, 8), (7, 5)], [(2, 8), (1, 8), (7, 5)], [(2, 8), (1, 8), (7, 5)]]

4: [[(6, 8), (5, 9), (3, 9), (9, 3)], [(6, 8), (5, 9), (3, 9), (9, 3)], [(6, 8), (5, 9), (3, 9), (9, 3)], [(6, 8), (5, 9), (3, 9), (9, 3)]]

5: [[(5, 4), (4, 6), (3, 9), (5, 1), (4, 3)], [(5, 4), (4, 6), (3, 9), (5, 1), (4, 3)], [(5, 4), (4, 6), (3, 9), (5, 1), (4, 3)], [(5, 4), (4, 6), (3, 9), (5, 1), (4, 3)], [(5, 4), (4, 6), (3, 9), (5, 1), (4, 3)]]

6: [[(2, 5), (5, 8), (1, 2), (7, 4), (8, 4), (1, 8)], [(2, 5), (5, 8), (1, 2), (7, 4), (8, 4), (1, 8)], [(2, 5), (5, 8), (1, 2), (7, 4), (8, 4), (1, 8)], [(2, 5), (5, 8), (1, 2), (7, 4), (8, 4), (1, 8)], [(2, 5), (5, 8), (1, 2), (7, 4), (8, 4), (1, 8)], [(2, 5), (5, 8), (1, 2), (7, 4), (8, 4), (1, 8)]]

7: [[(5, 7), (8, 2), (2, 3), (7, 8), (6, 5), (5, 3), (1, 7)], [(5, 7), (8, 2), (2, 3), (7, 8), (6, 5), (5, 3), (1, 7)], [(5, 7), (8, 2), (2, 3), (7, 8), (6, 5), (5, 3), (1, 7)], [(5, 7), (8, 2), (2, 3), (7, 8), (6, 5), (5, 3), (1, 7)], [(5, 7), (8, 2), (2, 3), (7, 8), (6, 5), (5, 3), (1, 7)], [(5, 7), (8, 2), (2, 3), (7, 8), (6, 5), (5, 3), (1, 7)], [(5, 7), (8, 2), (2, 3), (7, 8), (6, 5), (5, 3), (1, 7)]]

8: [[(3, 7), (6, 4), (5, 9), (6, 1), (8, 5), (8, 2), (4, 6), (2, 8)], [(3, 7), (6, 4), (5, 9), (6, 1), (8, 5), (8, 2), (4, 6), (2, 8)], [(3, 7), (6, 4), (5, 9), (6, 1), (8, 5), (8, 2), (4, 6), (2, 8)], [(3, 7), (6, 4), (5, 9), (6, 1), (8, 5), (8, 2), (4, 6), (2, 8)], [(3, 7), (6, 4), (5, 9), (6, 1), (8, 5), (8, 2), (4, 6), (2, 8)], [(3, 7), (6, 4), (5, 9), (6, 1), (8, 5), (8, 2), (4, 6), (2, 8)], [(3, 7), (6, 4), (5, 9), (6, 1), (8, 5), (8, 2), (4, 6), (2, 8)], [(3, 7), (6, 4), (5, 9), (6, 1), (8, 5), (8, 2), (4, 6), (2, 8)]]

9: [[(1, 2), (8, 2), (2, 5), (8, 3), (6, 7), (9, 7), (4, 6), (2, 1), (2, 1)], [(1, 2), (8, 2), (2, 5), (8, 3), (6, 7), (9, 7), (4, 6), (2, 1), (2, 1)], [(1, 2), (8, 2), (2, 5), (8, 3), (6, 7), (9, 7), (4, 6), (2, 1), (2, 1)], [(1, 2), (8, 2), (2, 5), (8, 3), (6, 7), (9, 7), (4, 6), (2, 1), (2, 1)], [(1, 2), (8, 2), (2, 5), (8, 3), (6, 7), (9, 7), (4, 6), (2, 1), (2, 1)], [(1, 2), (8, 2), (2, 5), (8, 3), (6, 7), (9, 7), (4, 6), (2, 1), (2, 1)], [(1, 2), (8, 2), (2, 5), (8, 3), (6, 7), (9, 7), (4, 6), (2, 1), (2, 1)], [(1, 2), (8, 2), (2, 5), (8, 3), (6, 7), (9, 7), (4, 6), (2, 1), (2, 1)], [(1, 2), (8, 2), (2, 5), (8, 3), (6, 7), (9, 7), (4, 6), (2, 1), (2, 1)]]

10: [[(6, 9), (5, 6), (4, 1), (7, 1), (1, 3), (1, 8), (4, 6), (3, 2), (8, 4), (3, 2)], [(6, 9), (5, 6), (4, 1), (7, 1), (1, 3), (1, 8), (4, 6), (3, 2), (8, 4), (3, 2)], [(6, 9), (5, 6), (4, 1), (7, 1), (1, 3), (1, 8), (4, 6), (3, 2), (8, 4), (3, 2)], [(6, 9), (5, 6), (4, 1), (7, 1), (1, 3), (1, 8), (4, 6), (3, 2), (8, 4), (3, 2)], [(6, 9), (5, 6), (4, 1), (7, 1), (1, 3), (1, 8), (4, 6), (3, 2), (8, 4), (3, 2)], [(6, 9), (5, 6), (4, 1), (7, 1), (1, 3), (1, 8), (4, 6), (3, 2), (8, 4), (3, 2)], [(6, 9), (5, 6), (4, 1), (7, 1), (1, 3), (1, 8), (4, 6), (3, 2), (8, 4), (3, 2)], [(6, 9), (5, 6), (4, 1), (7, 1), (1, 3), (1, 8), (4, 6), (3, 2), (8, 4), (3, 2)], [(6, 9), (5, 6), (4, 1), (7, 1), (1, 3), (1, 8), (4, 6), (3, 2), (8, 4), (3, 2)], [(6, 9), (5, 6), (4, 1), (7, 1), (1, 3), (1, 8), (4, 6), (3, 2), (8, 4), (3, 2)]]

